sex	length	l	m	s	lorh
1	45	-0.3521	2.441	0.09182	L
1	45.1	-0.3521	2.4577	0.09176	L
1	45.2	-0.3521	2.4744	0.0917	L
1	45.3	-0.3521	2.4911	0.09164	L
1	45.4	-0.3521	2.5078	0.09159	L
1	45.5	-0.3521	2.5244	0.09153	L
1	45.6	-0.3521	2.5411	0.09147	L
1	45.7	-0.3521	2.5578	0.09141	L
1	45.8	-0.3521	2.5744	0.09135	L
1	45.9	-0.3521	2.5911	0.09129	L
1	46	-0.3521	2.6077	0.09124	L
1	46.1	-0.3521	2.6244	0.09118	L
1	46.2	-0.3521	2.6411	0.09112	L
1	46.3	-0.3521	2.6578	0.09106	L
1	46.4	-0.3521	2.6745	0.091	L
1	46.5	-0.3521	2.6913	0.09094	L
1	46.6	-0.3521	2.7081	0.09088	L
1	46.7	-0.3521	2.7249	0.09083	L
1	46.8	-0.3521	2.7417	0.09077	L
1	46.9	-0.3521	2.7586	0.09071	L
1	47	-0.3521	2.7755	0.09065	L
1	47.1	-0.3521	2.7925	0.09059	L
1	47.2	-0.3521	2.8095	0.09053	L
1	47.3	-0.3521	2.8266	0.09047	L
1	47.4	-0.3521	2.8437	0.09042	L
1	47.5	-0.3521	2.8609	0.09036	L
1	47.6	-0.3521	2.8782	0.0903	L
1	47.7	-0.3521	2.8955	0.09024	L
1	47.8	-0.3521	2.9129	0.09018	L
1	47.9	-0.3521	2.9304	0.09012	L
1	48	-0.3521	2.948	0.09007	L
1	48.1	-0.3521	2.9657	0.09001	L
1	48.2	-0.3521	2.9835	0.08995	L
1	48.3	-0.3521	3.0014	0.08989	L
1	48.4	-0.3521	3.0195	0.08983	L
1	48.5	-0.3521	3.0377	0.08977	L
1	48.6	-0.3521	3.056	0.08972	L
1	48.7	-0.3521	3.0745	0.08966	L
1	48.8	-0.3521	3.0931	0.0896	L
1	48.9	-0.3521	3.1119	0.08954	L
1	49	-0.3521	3.1308	0.08948	L
1	49.1	-0.3521	3.1499	0.08943	L
1	49.2	-0.3521	3.1691	0.08937	L
1	49.3	-0.3521	3.1884	0.08931	L
1	49.4	-0.3521	3.2079	0.08925	L
1	49.5	-0.3521	3.2276	0.08919	L
1	49.6	-0.3521	3.2473	0.08913	L
1	49.7	-0.3521	3.2672	0.08908	L
1	49.8	-0.3521	3.2873	0.08902	L
1	49.9	-0.3521	3.3075	0.08896	L
1	50	-0.3521	3.3278	0.0889	L
1	50.1	-0.3521	3.3482	0.08884	L
1	50.2	-0.3521	3.3688	0.08878	L
1	50.3	-0.3521	3.3894	0.08872	L
1	50.4	-0.3521	3.4102	0.08867	L
1	50.5	-0.3521	3.4311	0.08861	L
1	50.6	-0.3521	3.4522	0.08855	L
1	50.7	-0.3521	3.4733	0.08849	L
1	50.8	-0.3521	3.4946	0.08843	L
1	50.9	-0.3521	3.5161	0.08837	L
1	51	-0.3521	3.5376	0.08831	L
1	51.1	-0.3521	3.5593	0.08825	L
1	51.2	-0.3521	3.5812	0.08819	L
1	51.3	-0.3521	3.6032	0.08813	L
1	51.4	-0.3521	3.6254	0.08807	L
1	51.5	-0.3521	3.6477	0.08801	L
1	51.6	-0.3521	3.6702	0.08795	L
1	51.7	-0.3521	3.6929	0.08789	L
1	51.8	-0.3521	3.7157	0.08783	L
1	51.9	-0.3521	3.7388	0.08777	L
1	52	-0.3521	3.762	0.08771	L
1	52.1	-0.3521	3.7855	0.08765	L
1	52.2	-0.3521	3.8092	0.08759	L
1	52.3	-0.3521	3.833	0.08753	L
1	52.4	-0.3521	3.8571	0.08747	L
1	52.5	-0.3521	3.8814	0.08741	L
1	52.6	-0.3521	3.9059	0.08735	L
1	52.7	-0.3521	3.9306	0.08729	L
1	52.8	-0.3521	3.9555	0.08723	L
1	52.9	-0.3521	3.9806	0.08717	L
1	53	-0.3521	4.006	0.08711	L
1	53.1	-0.3521	4.0315	0.08705	L
1	53.2	-0.3521	4.0572	0.08699	L
1	53.3	-0.3521	4.0831	0.08693	L
1	53.4	-0.3521	4.1092	0.08687	L
1	53.5	-0.3521	4.1354	0.08681	L
1	53.6	-0.3521	4.1619	0.08675	L
1	53.7	-0.3521	4.1885	0.08669	L
1	53.8	-0.3521	4.2153	0.08663	L
1	53.9	-0.3521	4.2422	0.08657	L
1	54	-0.3521	4.2693	0.08651	L
1	54.1	-0.3521	4.2965	0.08645	L
1	54.2	-0.3521	4.3239	0.08639	L
1	54.3	-0.3521	4.3513	0.08633	L
1	54.4	-0.3521	4.3789	0.08627	L
1	54.5	-0.3521	4.4066	0.08621	L
1	54.6	-0.3521	4.4344	0.08615	L
1	54.7	-0.3521	4.4623	0.0861	L
1	54.8	-0.3521	4.4903	0.08604	L
1	54.9	-0.3521	4.5185	0.08598	L
1	55	-0.3521	4.5467	0.08592	L
1	55.1	-0.3521	4.575	0.08586	L
1	55.2	-0.3521	4.6034	0.0858	L
1	55.3	-0.3521	4.6319	0.08575	L
1	55.4	-0.3521	4.6605	0.08569	L
1	55.5	-0.3521	4.6892	0.08563	L
1	55.6	-0.3521	4.718	0.08558	L
1	55.7	-0.3521	4.7469	0.08552	L
1	55.8	-0.3521	4.7758	0.08546	L
1	55.9	-0.3521	4.8048	0.08541	L
1	56	-0.3521	4.8338	0.08535	L
1	56.1	-0.3521	4.8629	0.08529	L
1	56.2	-0.3521	4.892	0.08524	L
1	56.3	-0.3521	4.9212	0.08518	L
1	56.4	-0.3521	4.9504	0.08513	L
1	56.5	-0.3521	4.9796	0.08507	L
1	56.6	-0.3521	5.0088	0.08502	L
1	56.7	-0.3521	5.0381	0.08497	L
1	56.8	-0.3521	5.0673	0.08491	L
1	56.9	-0.3521	5.0966	0.08486	L
1	57	-0.3521	5.1259	0.08481	L
1	57.1	-0.3521	5.1551	0.08475	L
1	57.2	-0.3521	5.1844	0.0847	L
1	57.3	-0.3521	5.2137	0.08465	L
1	57.4	-0.3521	5.2429	0.0846	L
1	57.5	-0.3521	5.2721	0.08455	L
1	57.6	-0.3521	5.3014	0.08449	L
1	57.7	-0.3521	5.3306	0.08444	L
1	57.8	-0.3521	5.3598	0.08439	L
1	57.9	-0.3521	5.3889	0.08434	L
1	58	-0.3521	5.418	0.0843	L
1	58.1	-0.3521	5.4471	0.08425	L
1	58.2	-0.3521	5.4762	0.0842	L
1	58.3	-0.3521	5.5053	0.08415	L
1	58.4	-0.3521	5.5343	0.0841	L
1	58.5	-0.3521	5.5632	0.08406	L
1	58.6	-0.3521	5.5922	0.08401	L
1	58.7	-0.3521	5.621	0.08397	L
1	58.8	-0.3521	5.6499	0.08392	L
1	58.9	-0.3521	5.6787	0.08388	L
1	59	-0.3521	5.7074	0.08383	L
1	59.1	-0.3521	5.7361	0.08379	L
1	59.2	-0.3521	5.7647	0.08375	L
1	59.3	-0.3521	5.7933	0.0837	L
1	59.4	-0.3521	5.8217	0.08366	L
1	59.5	-0.3521	5.8501	0.08362	L
1	59.6	-0.3521	5.8784	0.08358	L
1	59.7	-0.3521	5.9067	0.08354	L
1	59.8	-0.3521	5.9348	0.0835	L
1	59.9	-0.3521	5.9628	0.08346	L
1	60	-0.3521	5.9907	0.08342	L
1	60.1	-0.3521	6.0185	0.08339	L
1	60.2	-0.3521	6.0461	0.08335	L
1	60.3	-0.3521	6.0737	0.08331	L
1	60.4	-0.3521	6.1011	0.08328	L
1	60.5	-0.3521	6.1284	0.08324	L
1	60.6	-0.3521	6.1556	0.08321	L
1	60.7	-0.3521	6.1827	0.08317	L
1	60.8	-0.3521	6.2096	0.08314	L
1	60.9	-0.3521	6.2365	0.08311	L
1	61	-0.3521	6.2632	0.08308	L
1	61.1	-0.3521	6.2899	0.08304	L
1	61.2	-0.3521	6.3164	0.08301	L
1	61.3	-0.3521	6.3428	0.08298	L
1	61.4	-0.3521	6.3692	0.08295	L
1	61.5	-0.3521	6.3954	0.08292	L
1	61.6	-0.3521	6.4215	0.0829	L
1	61.7	-0.3521	6.4475	0.08287	L
1	61.8	-0.3521	6.4735	0.08284	L
1	61.9	-0.3521	6.4993	0.08281	L
1	62	-0.3521	6.5251	0.08279	L
1	62.1	-0.3521	6.5508	0.08276	L
1	62.2	-0.3521	6.5764	0.08273	L
1	62.3	-0.3521	6.6019	0.08271	L
1	62.4	-0.3521	6.6273	0.08268	L
1	62.5	-0.3521	6.6527	0.08266	L
1	62.6	-0.3521	6.678	0.08264	L
1	62.7	-0.3521	6.7033	0.08261	L
1	62.8	-0.3521	6.7284	0.08259	L
1	62.9	-0.3521	6.7535	0.08257	L
1	63	-0.3521	6.7786	0.08255	L
1	63.1	-0.3521	6.8035	0.08253	L
1	63.2	-0.3521	6.8285	0.08251	L
1	63.3	-0.3521	6.8533	0.08249	L
1	63.4	-0.3521	6.8781	0.08247	L
1	63.5	-0.3521	6.9028	0.08245	L
1	63.6	-0.3521	6.9275	0.08243	L
1	63.7	-0.3521	6.9521	0.08241	L
1	63.8	-0.3521	6.9766	0.0824	L
1	63.9	-0.3521	7.0011	0.08238	L
1	64	-0.3521	7.0255	0.08236	L
1	64.1	-0.3521	7.0499	0.08235	L
1	64.2	-0.3521	7.0742	0.08233	L
1	64.3	-0.3521	7.0984	0.08232	L
1	64.4	-0.3521	7.1226	0.0823	L
1	64.5	-0.3521	7.1467	0.08229	L
1	64.6	-0.3521	7.1708	0.08228	L
1	64.7	-0.3521	7.1948	0.08227	L
1	64.8	-0.3521	7.2188	0.08225	L
1	64.9	-0.3521	7.2427	0.08224	L
1	65	-0.3521	7.2666	0.08223	L
1	65.1	-0.3521	7.2905	0.08222	L
1	65.2	-0.3521	7.3143	0.08221	L
1	65.3	-0.3521	7.338	0.0822	L
1	65.4	-0.3521	7.3617	0.08219	L
1	65.5	-0.3521	7.3854	0.08218	L
1	65.6	-0.3521	7.4091	0.08218	L
1	65.7	-0.3521	7.4327	0.08217	L
1	65.8	-0.3521	7.4563	0.08216	L
1	65.9	-0.3521	7.4799	0.08216	L
1	66	-0.3521	7.5034	0.08215	L
1	66.1	-0.3521	7.5269	0.08214	L
1	66.2	-0.3521	7.5504	0.08214	L
1	66.3	-0.3521	7.5738	0.08214	L
1	66.4	-0.3521	7.5973	0.08213	L
1	66.5	-0.3521	7.6206	0.08213	L
1	66.6	-0.3521	7.644	0.08213	L
1	66.7	-0.3521	7.6673	0.08212	L
1	66.8	-0.3521	7.6906	0.08212	L
1	66.9	-0.3521	7.7138	0.08212	L
1	67	-0.3521	7.737	0.08212	L
1	67.1	-0.3521	7.7602	0.08212	L
1	67.2	-0.3521	7.7834	0.08212	L
1	67.3	-0.3521	7.8065	0.08212	L
1	67.4	-0.3521	7.8296	0.08212	L
1	67.5	-0.3521	7.8526	0.08212	L
1	67.6	-0.3521	7.8757	0.08212	L
1	67.7	-0.3521	7.8986	0.08213	L
1	67.8	-0.3521	7.9216	0.08213	L
1	67.9	-0.3521	7.9445	0.08213	L
1	68	-0.3521	7.9674	0.08214	L
1	68.1	-0.3521	7.9903	0.08214	L
1	68.2	-0.3521	8.0132	0.08214	L
1	68.3	-0.3521	8.036	0.08215	L
1	68.4	-0.3521	8.0588	0.08215	L
1	68.5	-0.3521	8.0816	0.08216	L
1	68.6	-0.3521	8.1044	0.08217	L
1	68.7	-0.3521	8.1272	0.08217	L
1	68.8	-0.3521	8.15	0.08218	L
1	68.9	-0.3521	8.1727	0.08219	L
1	69	-0.3521	8.1955	0.08219	L
1	69.1	-0.3521	8.2183	0.0822	L
1	69.2	-0.3521	8.241	0.08221	L
1	69.3	-0.3521	8.2638	0.08222	L
1	69.4	-0.3521	8.2865	0.08223	L
1	69.5	-0.3521	8.3092	0.08224	L
1	69.6	-0.3521	8.332	0.08225	L
1	69.7	-0.3521	8.3547	0.08226	L
1	69.8	-0.3521	8.3774	0.08227	L
1	69.9	-0.3521	8.4001	0.08228	L
1	70	-0.3521	8.4227	0.08229	L
1	70.1	-0.3521	8.4454	0.0823	L
1	70.2	-0.3521	8.468	0.08231	L
1	70.3	-0.3521	8.4906	0.08232	L
1	70.4	-0.3521	8.5132	0.08233	L
1	70.5	-0.3521	8.5358	0.08235	L
1	70.6	-0.3521	8.5583	0.08236	L
1	70.7	-0.3521	8.5808	0.08237	L
1	70.8	-0.3521	8.6032	0.08238	L
1	70.9	-0.3521	8.6257	0.0824	L
1	71	-0.3521	8.648	0.08241	L
1	71.1	-0.3521	8.6704	0.08242	L
1	71.2	-0.3521	8.6927	0.08243	L
1	71.3	-0.3521	8.715	0.08245	L
1	71.4	-0.3521	8.7372	0.08246	L
1	71.5	-0.3521	8.7594	0.08248	L
1	71.6	-0.3521	8.7815	0.08249	L
1	71.7	-0.3521	8.8036	0.0825	L
1	71.8	-0.3521	8.8257	0.08252	L
1	71.9	-0.3521	8.8477	0.08253	L
1	72	-0.3521	8.8697	0.08254	L
1	72.1	-0.3521	8.8916	0.08256	L
1	72.2	-0.3521	8.9135	0.08257	L
1	72.3	-0.3521	8.9353	0.08259	L
1	72.4	-0.3521	8.9571	0.0826	L
1	72.5	-0.3521	8.9788	0.08262	L
1	72.6	-0.3521	9.0005	0.08263	L
1	72.7	-0.3521	9.0221	0.08264	L
1	72.8	-0.3521	9.0436	0.08266	L
1	72.9	-0.3521	9.0651	0.08267	L
1	73	-0.3521	9.0865	0.08269	L
1	73.1	-0.3521	9.1079	0.0827	L
1	73.2	-0.3521	9.1292	0.08272	L
1	73.3	-0.3521	9.1504	0.08273	L
1	73.4	-0.3521	9.1716	0.08274	L
1	73.5	-0.3521	9.1927	0.08276	L
1	73.6	-0.3521	9.2137	0.08277	L
1	73.7	-0.3521	9.2347	0.08278	L
1	73.8	-0.3521	9.2557	0.0828	L
1	73.9	-0.3521	9.2766	0.08281	L
1	74	-0.3521	9.2974	0.08283	L
1	74.1	-0.3521	9.3182	0.08284	L
1	74.2	-0.3521	9.339	0.08285	L
1	74.3	-0.3521	9.3597	0.08287	L
1	74.4	-0.3521	9.3803	0.08288	L
1	74.5	-0.3521	9.401	0.08289	L
1	74.6	-0.3521	9.4215	0.0829	L
1	74.7	-0.3521	9.442	0.08292	L
1	74.8	-0.3521	9.4625	0.08293	L
1	74.9	-0.3521	9.4829	0.08294	L
1	75	-0.3521	9.5032	0.08295	L
1	75.1	-0.3521	9.5235	0.08297	L
1	75.2	-0.3521	9.5438	0.08298	L
1	75.3	-0.3521	9.5639	0.08299	L
1	75.4	-0.3521	9.5841	0.083	L
1	75.5	-0.3521	9.6041	0.08301	L
1	75.6	-0.3521	9.6241	0.08302	L
1	75.7	-0.3521	9.644	0.08303	L
1	75.8	-0.3521	9.6639	0.08305	L
1	75.9	-0.3521	9.6836	0.08306	L
1	76	-0.3521	9.7033	0.08307	L
1	76.1	-0.3521	9.723	0.08307	L
1	76.2	-0.3521	9.7425	0.08308	L
1	76.3	-0.3521	9.762	0.08309	L
1	76.4	-0.3521	9.7814	0.0831	L
1	76.5	-0.3521	9.8007	0.08311	L
1	76.6	-0.3521	9.82	0.08312	L
1	76.7	-0.3521	9.8392	0.08312	L
1	76.8	-0.3521	9.8583	0.08313	L
1	76.9	-0.3521	9.8773	0.08314	L
1	77	-0.3521	9.8963	0.08314	L
1	77.1	-0.3521	9.9152	0.08315	L
1	77.2	-0.3521	9.9341	0.08315	L
1	77.3	-0.3521	9.9528	0.08316	L
1	77.4	-0.3521	9.9716	0.08316	L
1	77.5	-0.3521	9.9902	0.08317	L
1	77.6	-0.3521	10.0088	0.08317	L
1	77.7	-0.3521	10.0274	0.08317	L
1	77.8	-0.3521	10.0459	0.08318	L
1	77.9	-0.3521	10.0643	0.08318	L
1	78	-0.3521	10.0827	0.08318	L
1	78.1	-0.3521	10.1011	0.08318	L
1	78.2	-0.3521	10.1194	0.08318	L
1	78.3	-0.3521	10.1377	0.08318	L
1	78.4	-0.3521	10.1559	0.08318	L
1	78.5	-0.3521	10.1741	0.08318	L
1	78.6	-0.3521	10.1923	0.08317	L
1	78.7	-0.3521	10.2105	0.08317	L
1	78.8	-0.3521	10.2286	0.08317	L
1	78.9	-0.3521	10.2468	0.08316	L
1	79	-0.3521	10.2649	0.08316	L
1	79.1	-0.3521	10.2831	0.08315	L
1	79.2	-0.3521	10.3012	0.08315	L
1	79.3	-0.3521	10.3194	0.08314	L
1	79.4	-0.3521	10.3376	0.08313	L
1	79.5	-0.3521	10.3558	0.08313	L
1	79.6	-0.3521	10.3741	0.08312	L
1	79.7	-0.3521	10.3923	0.08311	L
1	79.8	-0.3521	10.4107	0.0831	L
1	79.9	-0.3521	10.4291	0.08309	L
1	80	-0.3521	10.4475	0.08308	L
1	80.1	-0.3521	10.466	0.08307	L
1	80.2	-0.3521	10.4845	0.08305	L
1	80.3	-0.3521	10.5031	0.08304	L
1	80.4	-0.3521	10.5217	0.08303	L
1	80.5	-0.3521	10.5405	0.08301	L
1	80.6	-0.3521	10.5592	0.083	L
1	80.7	-0.3521	10.5781	0.08298	L
1	80.8	-0.3521	10.597	0.08297	L
1	80.9	-0.3521	10.6161	0.08295	L
1	81	-0.3521	10.6352	0.08293	L
1	81.1	-0.3521	10.6544	0.08291	L
1	81.2	-0.3521	10.6737	0.0829	L
1	81.3	-0.3521	10.6931	0.08288	L
1	81.4	-0.3521	10.7126	0.08286	L
1	81.5	-0.3521	10.7322	0.08284	L
1	81.6	-0.3521	10.752	0.08282	L
1	81.7	-0.3521	10.7718	0.08279	L
1	81.8	-0.3521	10.7918	0.08277	L
1	81.9	-0.3521	10.8119	0.08275	L
1	82	-0.3521	10.8321	0.08273	L
1	82.1	-0.3521	10.8524	0.0827	L
1	82.2	-0.3521	10.8728	0.08268	L
1	82.3	-0.3521	10.8934	0.08265	L
1	82.4	-0.3521	10.9142	0.08263	L
1	82.5	-0.3521	10.935	0.0826	L
1	82.6	-0.3521	10.956	0.08258	L
1	82.7	-0.3521	10.9772	0.08255	L
1	82.8	-0.3521	10.9985	0.08252	L
1	82.9	-0.3521	11.0199	0.08249	L
1	83	-0.3521	11.0415	0.08246	L
1	83.1	-0.3521	11.0632	0.08244	L
1	83.2	-0.3521	11.0851	0.08241	L
1	83.3	-0.3521	11.1071	0.08238	L
1	83.4	-0.3521	11.1293	0.08235	L
1	83.5	-0.3521	11.1516	0.08231	L
1	83.6	-0.3521	11.174	0.08228	L
1	83.7	-0.3521	11.1966	0.08225	L
1	83.8	-0.3521	11.2193	0.08222	L
1	83.9	-0.3521	11.2422	0.08219	L
1	84	-0.3521	11.2651	0.08215	L
1	84.1	-0.3521	11.2882	0.08212	L
1	84.2	-0.3521	11.3114	0.08209	L
1	84.3	-0.3521	11.3347	0.08205	L
1	84.4	-0.3521	11.3581	0.08202	L
1	84.5	-0.3521	11.3817	0.08198	L
1	84.6	-0.3521	11.4053	0.08195	L
1	84.7	-0.3521	11.429	0.08191	L
1	84.8	-0.3521	11.4529	0.08188	L
1	84.9	-0.3521	11.4768	0.08184	L
1	85	-0.3521	11.5007	0.08181	L
1	85.1	-0.3521	11.5248	0.08177	L
1	85.2	-0.3521	11.549	0.08174	L
1	85.3	-0.3521	11.5732	0.0817	L
1	85.4	-0.3521	11.5975	0.08166	L
1	85.5	-0.3521	11.6218	0.08163	L
1	85.6	-0.3521	11.6462	0.08159	L
1	85.7	-0.3521	11.6707	0.08156	L
1	85.8	-0.3521	11.6952	0.08152	L
1	85.9	-0.3521	11.7198	0.08148	L
1	86	-0.3521	11.7444	0.08145	L
1	86.1	-0.3521	11.769	0.08141	L
1	86.2	-0.3521	11.7937	0.08138	L
1	86.3	-0.3521	11.8184	0.08134	L
1	86.4	-0.3521	11.8431	0.08131	L
1	86.5	-0.3521	11.8678	0.08128	L
1	86.6	-0.3521	11.8926	0.08124	L
1	86.7	-0.3521	11.9173	0.08121	L
1	86.8	-0.3521	11.9421	0.08118	L
1	86.9	-0.3521	11.9668	0.08114	L
1	87	-0.3521	11.9916	0.08111	L
1	87.1	-0.3521	12.0163	0.08108	L
1	87.2	-0.3521	12.0411	0.08105	L
1	87.3	-0.3521	12.0658	0.08102	L
1	87.4	-0.3521	12.0905	0.08099	L
1	87.5	-0.3521	12.1152	0.08096	L
1	87.6	-0.3521	12.1398	0.08093	L
1	87.7	-0.3521	12.1645	0.0809	L
1	87.8	-0.3521	12.1891	0.08087	L
1	87.9	-0.3521	12.2136	0.08084	L
1	88	-0.3521	12.2382	0.08082	L
1	88.1	-0.3521	12.2627	0.08079	L
1	88.2	-0.3521	12.2871	0.08076	L
1	88.3	-0.3521	12.3116	0.08074	L
1	88.4	-0.3521	12.336	0.08071	L
1	88.5	-0.3521	12.3603	0.08069	L
1	88.6	-0.3521	12.3846	0.08067	L
1	88.7	-0.3521	12.4089	0.08064	L
1	88.8	-0.3521	12.4332	0.08062	L
1	88.9	-0.3521	12.4574	0.0806	L
1	89	-0.3521	12.4815	0.08058	L
1	89.1	-0.3521	12.5057	0.08056	L
1	89.2	-0.3521	12.5298	0.08054	L
1	89.3	-0.3521	12.5538	0.08052	L
1	89.4	-0.3521	12.5778	0.0805	L
1	89.5	-0.3521	12.6017	0.08048	L
1	89.6	-0.3521	12.6257	0.08047	L
1	89.7	-0.3521	12.6495	0.08045	L
1	89.8	-0.3521	12.6734	0.08044	L
1	89.9	-0.3521	12.6972	0.08042	L
1	90	-0.3521	12.7209	0.08041	L
1	90.1	-0.3521	12.7446	0.08039	L
1	90.2	-0.3521	12.7683	0.08038	L
1	90.3	-0.3521	12.792	0.08037	L
1	90.4	-0.3521	12.8156	0.08035	L
1	90.5	-0.3521	12.8392	0.08034	L
1	90.6	-0.3521	12.8628	0.08033	L
1	90.7	-0.3521	12.8864	0.08032	L
1	90.8	-0.3521	12.9099	0.08031	L
1	90.9	-0.3521	12.9334	0.0803	L
1	91	-0.3521	12.9569	0.0803	L
1	91.1	-0.3521	12.9804	0.08029	L
1	91.2	-0.3521	13.0038	0.08028	L
1	91.3	-0.3521	13.0273	0.08027	L
1	91.4	-0.3521	13.0507	0.08027	L
1	91.5	-0.3521	13.0742	0.08026	L
1	91.6	-0.3521	13.0976	0.08026	L
1	91.7	-0.3521	13.1209	0.08025	L
1	91.8	-0.3521	13.1443	0.08025	L
1	91.9	-0.3521	13.1677	0.08025	L
1	92	-0.3521	13.191	0.08025	L
1	92.1	-0.3521	13.2143	0.08025	L
1	92.2	-0.3521	13.2376	0.08024	L
1	92.3	-0.3521	13.2609	0.08024	L
1	92.4	-0.3521	13.2842	0.08024	L
1	92.5	-0.3521	13.3075	0.08025	L
1	92.6	-0.3521	13.3308	0.08025	L
1	92.7	-0.3521	13.3541	0.08025	L
1	92.8	-0.3521	13.3773	0.08025	L
1	92.9	-0.3521	13.4006	0.08026	L
1	93	-0.3521	13.4239	0.08026	L
1	93.1	-0.3521	13.4472	0.08027	L
1	93.2	-0.3521	13.4705	0.08027	L
1	93.3	-0.3521	13.4937	0.08028	L
1	93.4	-0.3521	13.5171	0.08028	L
1	93.5	-0.3521	13.5404	0.08029	L
1	93.6	-0.3521	13.5637	0.0803	L
1	93.7	-0.3521	13.587	0.08031	L
1	93.8	-0.3521	13.6104	0.08032	L
1	93.9	-0.3521	13.6338	0.08033	L
1	94	-0.3521	13.6572	0.08034	L
1	94.1	-0.3521	13.6806	0.08035	L
1	94.2	-0.3521	13.7041	0.08036	L
1	94.3	-0.3521	13.7275	0.08037	L
1	94.4	-0.3521	13.751	0.08038	L
1	94.5	-0.3521	13.7746	0.0804	L
1	94.6	-0.3521	13.7981	0.08041	L
1	94.7	-0.3521	13.8217	0.08043	L
1	94.8	-0.3521	13.8454	0.08044	L
1	94.9	-0.3521	13.8691	0.08046	L
1	95	-0.3521	13.8928	0.08047	L
1	95.1	-0.3521	13.9165	0.08049	L
1	95.2	-0.3521	13.9403	0.08051	L
1	95.3	-0.3521	13.9642	0.08052	L
1	95.4	-0.3521	13.9881	0.08054	L
1	95.5	-0.3521	14.012	0.08056	L
1	95.6	-0.3521	14.036	0.08058	L
1	95.7	-0.3521	14.06	0.0806	L
1	95.8	-0.3521	14.0841	0.08062	L
1	95.9	-0.3521	14.1083	0.08064	L
1	96	-0.3521	14.1325	0.08067	L
1	96.1	-0.3521	14.1567	0.08069	L
1	96.2	-0.3521	14.1811	0.08071	L
1	96.3	-0.3521	14.2055	0.08073	L
1	96.4	-0.3521	14.2299	0.08076	L
1	96.5	-0.3521	14.2544	0.08078	L
1	96.6	-0.3521	14.279	0.08081	L
1	96.7	-0.3521	14.3037	0.08083	L
1	96.8	-0.3521	14.3284	0.08086	L
1	96.9	-0.3521	14.3533	0.08089	L
1	97	-0.3521	14.3782	0.08092	L
1	97.1	-0.3521	14.4031	0.08094	L
1	97.2	-0.3521	14.4282	0.08097	L
1	97.3	-0.3521	14.4533	0.081	L
1	97.4	-0.3521	14.4785	0.08103	L
1	97.5	-0.3521	14.5038	0.08106	L
1	97.6	-0.3521	14.5292	0.08109	L
1	97.7	-0.3521	14.5547	0.08112	L
1	97.8	-0.3521	14.5802	0.08116	L
1	97.9	-0.3521	14.6058	0.08119	L
1	98	-0.3521	14.6316	0.08122	L
1	98.1	-0.3521	14.6574	0.08125	L
1	98.2	-0.3521	14.6832	0.08129	L
1	98.3	-0.3521	14.7092	0.08132	L
1	98.4	-0.3521	14.7353	0.08136	L
1	98.5	-0.3521	14.7614	0.08139	L
1	98.6	-0.3521	14.7877	0.08143	L
1	98.7	-0.3521	14.814	0.08146	L
1	98.8	-0.3521	14.8404	0.0815	L
1	98.9	-0.3521	14.8669	0.08154	L
1	99	-0.3521	14.8934	0.08157	L
1	99.1	-0.3521	14.9201	0.08161	L
1	99.2	-0.3521	14.9468	0.08165	L
1	99.3	-0.3521	14.9736	0.08169	L
1	99.4	-0.3521	15.0005	0.08173	L
1	99.5	-0.3521	15.0275	0.08177	L
1	99.6	-0.3521	15.0546	0.08181	L
1	99.7	-0.3521	15.0818	0.08185	L
1	99.8	-0.3521	15.109	0.08189	L
1	99.9	-0.3521	15.1363	0.08194	L
1	100	-0.3521	15.1637	0.08198	L
1	100.1	-0.3521	15.1912	0.08202	L
1	100.2	-0.3521	15.2187	0.08206	L
1	100.3	-0.3521	15.2463	0.08211	L
1	100.4	-0.3521	15.274	0.08215	L
1	100.5	-0.3521	15.3018	0.0822	L
1	100.6	-0.3521	15.3297	0.08224	L
1	100.7	-0.3521	15.3576	0.08229	L
1	100.8	-0.3521	15.3856	0.08233	L
1	100.9	-0.3521	15.4137	0.08238	L
1	101	-0.3521	15.4419	0.08243	L
1	101.1	-0.3521	15.4701	0.08247	L
1	101.2	-0.3521	15.4985	0.08252	L
1	101.3	-0.3521	15.5268	0.08257	L
1	101.4	-0.3521	15.5553	0.08262	L
1	101.5	-0.3521	15.5838	0.08267	L
1	101.6	-0.3521	15.6125	0.08272	L
1	101.7	-0.3521	15.6412	0.08277	L
1	101.8	-0.3521	15.6699	0.08281	L
1	101.9	-0.3521	15.6987	0.08287	L
1	102	-0.3521	15.7276	0.08292	L
1	102.1	-0.3521	15.7566	0.08297	L
1	102.2	-0.3521	15.7857	0.08302	L
1	102.3	-0.3521	15.8148	0.08307	L
1	102.4	-0.3521	15.844	0.08312	L
1	102.5	-0.3521	15.8732	0.08317	L
1	102.6	-0.3521	15.9026	0.08322	L
1	102.7	-0.3521	15.932	0.08328	L
1	102.8	-0.3521	15.9615	0.08333	L
1	102.9	-0.3521	15.991	0.08338	L
1	103	-0.3521	16.0206	0.08343	L
1	103.1	-0.3521	16.0503	0.08349	L
1	103.2	-0.3521	16.0801	0.08354	L
1	103.3	-0.3521	16.1099	0.08359	L
1	103.4	-0.3521	16.1398	0.08365	L
1	103.5	-0.3521	16.1697	0.0837	L
1	103.6	-0.3521	16.1997	0.08376	L
1	103.7	-0.3521	16.2298	0.08381	L
1	103.8	-0.3521	16.26	0.08386	L
1	103.9	-0.3521	16.2902	0.08392	L
1	104	-0.3521	16.3204	0.08397	L
1	104.1	-0.3521	16.3508	0.08403	L
1	104.2	-0.3521	16.3812	0.08408	L
1	104.3	-0.3521	16.4117	0.08414	L
1	104.4	-0.3521	16.4422	0.08419	L
1	104.5	-0.3521	16.4728	0.08425	L
1	104.6	-0.3521	16.5035	0.08431	L
1	104.7	-0.3521	16.5342	0.08436	L
1	104.8	-0.3521	16.565	0.08442	L
1	104.9	-0.3521	16.5959	0.08447	L
1	105	-0.3521	16.6268	0.08453	L
1	105.1	-0.3521	16.6579	0.08458	L
1	105.2	-0.3521	16.6889	0.08464	L
1	105.3	-0.3521	16.7201	0.0847	L
1	105.4	-0.3521	16.7513	0.08475	L
1	105.5	-0.3521	16.7826	0.08481	L
1	105.6	-0.3521	16.8139	0.08487	L
1	105.7	-0.3521	16.8454	0.08493	L
1	105.8	-0.3521	16.8769	0.08498	L
1	105.9	-0.3521	16.9084	0.08504	L
1	106	-0.3521	16.9401	0.0851	L
1	106.1	-0.3521	16.9718	0.08516	L
1	106.2	-0.3521	17.0036	0.08521	L
1	106.3	-0.3521	17.0355	0.08527	L
1	106.4	-0.3521	17.0674	0.08533	L
1	106.5	-0.3521	17.0995	0.08539	L
1	106.6	-0.3521	17.1316	0.08545	L
1	106.7	-0.3521	17.1637	0.08551	L
1	106.8	-0.3521	17.196	0.08557	L
1	106.9	-0.3521	17.2283	0.08562	L
1	107	-0.3521	17.2607	0.08568	L
1	107.1	-0.3521	17.2931	0.08574	L
1	107.2	-0.3521	17.3256	0.0858	L
1	107.3	-0.3521	17.3582	0.08586	L
1	107.4	-0.3521	17.3909	0.08592	L
1	107.5	-0.3521	17.4237	0.08599	L
1	107.6	-0.3521	17.4565	0.08605	L
1	107.7	-0.3521	17.4894	0.08611	L
1	107.8	-0.3521	17.5224	0.08617	L
1	107.9	-0.3521	17.5554	0.08623	L
1	108	-0.3521	17.5885	0.08629	L
1	108.1	-0.3521	17.6217	0.08635	L
1	108.2	-0.3521	17.655	0.08641	L
1	108.3	-0.3521	17.6884	0.08648	L
1	108.4	-0.3521	17.7218	0.08654	L
1	108.5	-0.3521	17.7553	0.0866	L
1	108.6	-0.3521	17.7889	0.08666	L
1	108.7	-0.3521	17.8226	0.08673	L
1	108.8	-0.3521	17.8564	0.08679	L
1	108.9	-0.3521	17.8903	0.08685	L
1	109	-0.3521	17.9242	0.08691	L
1	109.1	-0.3521	17.9583	0.08698	L
1	109.2	-0.3521	17.9924	0.08704	L
1	109.3	-0.3521	18.0267	0.0871	L
1	109.4	-0.3521	18.061	0.08717	L
1	109.5	-0.3521	18.0954	0.08723	L
1	109.6	-0.3521	18.1299	0.0873	L
1	109.7	-0.3521	18.1645	0.08736	L
1	109.8	-0.3521	18.1992	0.08742	L
1	109.9	-0.3521	18.234	0.08749	L
1	110	-0.3521	18.2689	0.08755	L
2	45	-0.3833	2.4607	0.09029	L
2	45.1	-0.3833	2.4777	0.0903	L
2	45.2	-0.3833	2.4947	0.0903	L
2	45.3	-0.3833	2.5117	0.09031	L
2	45.4	-0.3833	2.5287	0.09032	L
2	45.5	-0.3833	2.5457	0.09033	L
2	45.6	-0.3833	2.5627	0.09033	L
2	45.7	-0.3833	2.5797	0.09034	L
2	45.8	-0.3833	2.5967	0.09035	L
2	45.9	-0.3833	2.6137	0.09036	L
2	46	-0.3833	2.6306	0.09037	L
2	46.1	-0.3833	2.6476	0.09037	L
2	46.2	-0.3833	2.6646	0.09038	L
2	46.3	-0.3833	2.6816	0.09039	L
2	46.4	-0.3833	2.6986	0.0904	L
2	46.5	-0.3833	2.7155	0.0904	L
2	46.6	-0.3833	2.7326	0.09041	L
2	46.7	-0.3833	2.7496	0.09042	L
2	46.8	-0.3833	2.7666	0.09043	L
2	46.9	-0.3833	2.7837	0.09044	L
2	47	-0.3833	2.8007	0.09044	L
2	47.1	-0.3833	2.8179	0.09045	L
2	47.2	-0.3833	2.835	0.09046	L
2	47.3	-0.3833	2.8522	0.09047	L
2	47.4	-0.3833	2.8694	0.09047	L
2	47.5	-0.3833	2.8867	0.09048	L
2	47.6	-0.3833	2.9041	0.09049	L
2	47.7	-0.3833	2.9215	0.0905	L
2	47.8	-0.3833	2.939	0.0905	L
2	47.9	-0.3833	2.9565	0.09051	L
2	48	-0.3833	2.9741	0.09052	L
2	48.1	-0.3833	2.9918	0.09053	L
2	48.2	-0.3833	3.0096	0.09054	L
2	48.3	-0.3833	3.0275	0.09054	L
2	48.4	-0.3833	3.0455	0.09055	L
2	48.5	-0.3833	3.0636	0.09056	L
2	48.6	-0.3833	3.0818	0.09057	L
2	48.7	-0.3833	3.1001	0.09057	L
2	48.8	-0.3833	3.1186	0.09058	L
2	48.9	-0.3833	3.1372	0.09059	L
2	49	-0.3833	3.156	0.0906	L
2	49.1	-0.3833	3.1749	0.09061	L
2	49.2	-0.3833	3.1939	0.09061	L
2	49.3	-0.3833	3.2131	0.09062	L
2	49.4	-0.3833	3.2325	0.09063	L
2	49.5	-0.3833	3.252	0.09064	L
2	49.6	-0.3833	3.2717	0.09065	L
2	49.7	-0.3833	3.2915	0.09065	L
2	49.8	-0.3833	3.3114	0.09066	L
2	49.9	-0.3833	3.3316	0.09067	L
2	50	-0.3833	3.3518	0.09068	L
2	50.1	-0.3833	3.3723	0.09069	L
2	50.2	-0.3833	3.3929	0.09069	L
2	50.3	-0.3833	3.4136	0.0907	L
2	50.4	-0.3833	3.4346	0.09071	L
2	50.5	-0.3833	3.4557	0.09072	L
2	50.6	-0.3833	3.4769	0.09073	L
2	50.7	-0.3833	3.4983	0.09074	L
2	50.8	-0.3833	3.5199	0.09074	L
2	50.9	-0.3833	3.5417	0.09075	L
2	51	-0.3833	3.5636	0.09076	L
2	51.1	-0.3833	3.5856	0.09077	L
2	51.2	-0.3833	3.6078	0.09078	L
2	51.3	-0.3833	3.6302	0.09079	L
2	51.4	-0.3833	3.6527	0.0908	L
2	51.5	-0.3833	3.6754	0.0908	L
2	51.6	-0.3833	3.6982	0.09081	L
2	51.7	-0.3833	3.7212	0.09082	L
2	51.8	-0.3833	3.7444	0.09083	L
2	51.9	-0.3833	3.7677	0.09084	L
2	52	-0.3833	3.7911	0.09085	L
2	52.1	-0.3833	3.8147	0.09086	L
2	52.2	-0.3833	3.8385	0.09086	L
2	52.3	-0.3833	3.8623	0.09087	L
2	52.4	-0.3833	3.8863	0.09088	L
2	52.5	-0.3833	3.9105	0.09089	L
2	52.6	-0.3833	3.9348	0.0909	L
2	52.7	-0.3833	3.9592	0.09091	L
2	52.8	-0.3833	3.9837	0.09092	L
2	52.9	-0.3833	4.0084	0.09093	L
2	53	-0.3833	4.0332	0.09093	L
2	53.1	-0.3833	4.0581	0.09094	L
2	53.2	-0.3833	4.0832	0.09095	L
2	53.3	-0.3833	4.1084	0.09096	L
2	53.4	-0.3833	4.1337	0.09097	L
2	53.5	-0.3833	4.1591	0.09098	L
2	53.6	-0.3833	4.1846	0.09099	L
2	53.7	-0.3833	4.2102	0.09099	L
2	53.8	-0.3833	4.2359	0.091	L
2	53.9	-0.3833	4.2617	0.09101	L
2	54	-0.3833	4.2875	0.09102	L
2	54.1	-0.3833	4.3135	0.09103	L
2	54.2	-0.3833	4.3395	0.09104	L
2	54.3	-0.3833	4.3655	0.09105	L
2	54.4	-0.3833	4.3917	0.09105	L
2	54.5	-0.3833	4.4179	0.09106	L
2	54.6	-0.3833	4.4442	0.09107	L
2	54.7	-0.3833	4.4705	0.09108	L
2	54.8	-0.3833	4.4969	0.09109	L
2	54.9	-0.3833	4.5233	0.09109	L
2	55	-0.3833	4.5498	0.0911	L
2	55.1	-0.3833	4.5763	0.09111	L
2	55.2	-0.3833	4.6029	0.09112	L
2	55.3	-0.3833	4.6295	0.09113	L
2	55.4	-0.3833	4.6561	0.09113	L
2	55.5	-0.3833	4.6827	0.09114	L
2	55.6	-0.3833	4.7094	0.09115	L
2	55.7	-0.3833	4.7361	0.09116	L
2	55.8	-0.3833	4.7628	0.09116	L
2	55.9	-0.3833	4.7895	0.09117	L
2	56	-0.3833	4.8162	0.09118	L
2	56.1	-0.3833	4.843	0.09119	L
2	56.2	-0.3833	4.8697	0.09119	L
2	56.3	-0.3833	4.8964	0.0912	L
2	56.4	-0.3833	4.9232	0.09121	L
2	56.5	-0.3833	4.95	0.09121	L
2	56.6	-0.3833	4.9767	0.09122	L
2	56.7	-0.3833	5.0034	0.09123	L
2	56.8	-0.3833	5.0302	0.09123	L
2	56.9	-0.3833	5.0569	0.09124	L
2	57	-0.3833	5.0837	0.09125	L
2	57.1	-0.3833	5.1104	0.09125	L
2	57.2	-0.3833	5.1371	0.09126	L
2	57.3	-0.3833	5.1639	0.09126	L
2	57.4	-0.3833	5.1906	0.09127	L
2	57.5	-0.3833	5.2173	0.09128	L
2	57.6	-0.3833	5.244	0.09128	L
2	57.7	-0.3833	5.2707	0.09129	L
2	57.8	-0.3833	5.2974	0.09129	L
2	57.9	-0.3833	5.324	0.0913	L
2	58	-0.3833	5.3507	0.0913	L
2	58.1	-0.3833	5.3773	0.09131	L
2	58.2	-0.3833	5.4039	0.09131	L
2	58.3	-0.3833	5.4304	0.09131	L
2	58.4	-0.3833	5.4569	0.09132	L
2	58.5	-0.3833	5.4834	0.09132	L
2	58.6	-0.3833	5.5098	0.09133	L
2	58.7	-0.3833	5.5362	0.09133	L
2	58.8	-0.3833	5.5625	0.09133	L
2	58.9	-0.3833	5.5888	0.09134	L
2	59	-0.3833	5.6151	0.09134	L
2	59.1	-0.3833	5.6413	0.09134	L
2	59.2	-0.3833	5.6674	0.09135	L
2	59.3	-0.3833	5.6935	0.09135	L
2	59.4	-0.3833	5.7195	0.09135	L
2	59.5	-0.3833	5.7454	0.09135	L
2	59.6	-0.3833	5.7713	0.09136	L
2	59.7	-0.3833	5.7971	0.09136	L
2	59.8	-0.3833	5.8229	0.09136	L
2	59.9	-0.3833	5.8485	0.09136	L
2	60	-0.3833	5.8742	0.09136	L
2	60.1	-0.3833	5.8997	0.09136	L
2	60.2	-0.3833	5.9252	0.09137	L
2	60.3	-0.3833	5.9507	0.09137	L
2	60.4	-0.3833	5.9761	0.09137	L
2	60.5	-0.3833	6.0014	0.09137	L
2	60.6	-0.3833	6.0266	0.09137	L
2	60.7	-0.3833	6.0518	0.09137	L
2	60.8	-0.3833	6.0769	0.09137	L
2	60.9	-0.3833	6.102	0.09137	L
2	61	-0.3833	6.127	0.09137	L
2	61.1	-0.3833	6.1519	0.09137	L
2	61.2	-0.3833	6.1768	0.09136	L
2	61.3	-0.3833	6.2017	0.09136	L
2	61.4	-0.3833	6.2264	0.09136	L
2	61.5	-0.3833	6.2511	0.09136	L
2	61.6	-0.3833	6.2758	0.09136	L
2	61.7	-0.3833	6.3004	0.09136	L
2	61.8	-0.3833	6.3249	0.09135	L
2	61.9	-0.3833	6.3494	0.09135	L
2	62	-0.3833	6.3738	0.09135	L
2	62.1	-0.3833	6.3981	0.09135	L
2	62.2	-0.3833	6.4224	0.09134	L
2	62.3	-0.3833	6.4466	0.09134	L
2	62.4	-0.3833	6.4708	0.09134	L
2	62.5	-0.3833	6.4948	0.09133	L
2	62.6	-0.3833	6.5189	0.09133	L
2	62.7	-0.3833	6.5429	0.09133	L
2	62.8	-0.3833	6.5668	0.09132	L
2	62.9	-0.3833	6.5906	0.09132	L
2	63	-0.3833	6.6144	0.09131	L
2	63.1	-0.3833	6.6382	0.09131	L
2	63.2	-0.3833	6.6619	0.0913	L
2	63.3	-0.3833	6.6856	0.0913	L
2	63.4	-0.3833	6.7092	0.09129	L
2	63.5	-0.3833	6.7328	0.09129	L
2	63.6	-0.3833	6.7563	0.09128	L
2	63.7	-0.3833	6.7798	0.09128	L
2	63.8	-0.3833	6.8033	0.09127	L
2	63.9	-0.3833	6.8267	0.09127	L
2	64	-0.3833	6.8501	0.09126	L
2	64.1	-0.3833	6.8734	0.09125	L
2	64.2	-0.3833	6.8967	0.09125	L
2	64.3	-0.3833	6.9199	0.09124	L
2	64.4	-0.3833	6.9431	0.09123	L
2	64.5	-0.3833	6.9662	0.09123	L
2	64.6	-0.3833	6.9893	0.09122	L
2	64.7	-0.3833	7.0124	0.09121	L
2	64.8	-0.3833	7.0354	0.0912	L
2	64.9	-0.3833	7.0583	0.0912	L
2	65	-0.3833	7.0812	0.09119	L
2	65.1	-0.3833	7.1041	0.09118	L
2	65.2	-0.3833	7.1269	0.09117	L
2	65.3	-0.3833	7.1497	0.09116	L
2	65.4	-0.3833	7.1724	0.09116	L
2	65.5	-0.3833	7.195	0.09115	L
2	65.6	-0.3833	7.2177	0.09114	L
2	65.7	-0.3833	7.2402	0.09113	L
2	65.8	-0.3833	7.2627	0.09112	L
2	65.9	-0.3833	7.2852	0.09111	L
2	66	-0.3833	7.3076	0.0911	L
2	66.1	-0.3833	7.33	0.09109	L
2	66.2	-0.3833	7.3523	0.09109	L
2	66.3	-0.3833	7.3745	0.09108	L
2	66.4	-0.3833	7.3967	0.09107	L
2	66.5	-0.3833	7.4189	0.09106	L
2	66.6	-0.3833	7.441	0.09105	L
2	66.7	-0.3833	7.463	0.09104	L
2	66.8	-0.3833	7.485	0.09103	L
2	66.9	-0.3833	7.5069	0.09102	L
2	67	-0.3833	7.5288	0.09101	L
2	67.1	-0.3833	7.5507	0.091	L
2	67.2	-0.3833	7.5724	0.09099	L
2	67.3	-0.3833	7.5942	0.09098	L
2	67.4	-0.3833	7.6158	0.09097	L
2	67.5	-0.3833	7.6375	0.09096	L
2	67.6	-0.3833	7.659	0.09095	L
2	67.7	-0.3833	7.6806	0.09094	L
2	67.8	-0.3833	7.702	0.09093	L
2	67.9	-0.3833	7.7234	0.09091	L
2	68	-0.3833	7.7448	0.0909	L
2	68.1	-0.3833	7.7661	0.09089	L
2	68.2	-0.3833	7.7874	0.09088	L
2	68.3	-0.3833	7.8086	0.09087	L
2	68.4	-0.3833	7.8298	0.09086	L
2	68.5	-0.3833	7.8509	0.09085	L
2	68.6	-0.3833	7.872	0.09084	L
2	68.7	-0.3833	7.893	0.09083	L
2	68.8	-0.3833	7.914	0.09082	L
2	68.9	-0.3833	7.935	0.0908	L
2	69	-0.3833	7.9559	0.09079	L
2	69.1	-0.3833	7.9768	0.09078	L
2	69.2	-0.3833	7.9976	0.09077	L
2	69.3	-0.3833	8.0184	0.09076	L
2	69.4	-0.3833	8.0392	0.09075	L
2	69.5	-0.3833	8.0599	0.09074	L
2	69.6	-0.3833	8.0806	0.09072	L
2	69.7	-0.3833	8.1012	0.09071	L
2	69.8	-0.3833	8.1218	0.0907	L
2	69.9	-0.3833	8.1424	0.09069	L
2	70	-0.3833	8.163	0.09068	L
2	70.1	-0.3833	8.1835	0.09067	L
2	70.2	-0.3833	8.2039	0.09065	L
2	70.3	-0.3833	8.2244	0.09064	L
2	70.4	-0.3833	8.2448	0.09063	L
2	70.5	-0.3833	8.2651	0.09062	L
2	70.6	-0.3833	8.2855	0.09061	L
2	70.7	-0.3833	8.3058	0.09059	L
2	70.8	-0.3833	8.3261	0.09058	L
2	70.9	-0.3833	8.3464	0.09057	L
2	71	-0.3833	8.3666	0.09056	L
2	71.1	-0.3833	8.3869	0.09055	L
2	71.2	-0.3833	8.4071	0.09053	L
2	71.3	-0.3833	8.4273	0.09052	L
2	71.4	-0.3833	8.4474	0.09051	L
2	71.5	-0.3833	8.4676	0.0905	L
2	71.6	-0.3833	8.4877	0.09048	L
2	71.7	-0.3833	8.5078	0.09047	L
2	71.8	-0.3833	8.5278	0.09046	L
2	71.9	-0.3833	8.5479	0.09045	L
2	72	-0.3833	8.5679	0.09043	L
2	72.1	-0.3833	8.5879	0.09042	L
2	72.2	-0.3833	8.6078	0.09041	L
2	72.3	-0.3833	8.6277	0.0904	L
2	72.4	-0.3833	8.6476	0.09039	L
2	72.5	-0.3833	8.6674	0.09037	L
2	72.6	-0.3833	8.6872	0.09036	L
2	72.7	-0.3833	8.707	0.09035	L
2	72.8	-0.3833	8.7267	0.09034	L
2	72.9	-0.3833	8.7464	0.09032	L
2	73	-0.3833	8.7661	0.09031	L
2	73.1	-0.3833	8.7857	0.0903	L
2	73.2	-0.3833	8.8053	0.09028	L
2	73.3	-0.3833	8.8248	0.09027	L
2	73.4	-0.3833	8.8443	0.09026	L
2	73.5	-0.3833	8.8638	0.09025	L
2	73.6	-0.3833	8.8831	0.09023	L
2	73.7	-0.3833	8.9025	0.09022	L
2	73.8	-0.3833	8.9217	0.09021	L
2	73.9	-0.3833	8.941	0.0902	L
2	74	-0.3833	8.9601	0.09018	L
2	74.1	-0.3833	8.9792	0.09017	L
2	74.2	-0.3833	8.9983	0.09016	L
2	74.3	-0.3833	9.0173	0.09014	L
2	74.4	-0.3833	9.0363	0.09013	L
2	74.5	-0.3833	9.0552	0.09012	L
2	74.6	-0.3833	9.074	0.09011	L
2	74.7	-0.3833	9.0928	0.09009	L
2	74.8	-0.3833	9.1116	0.09008	L
2	74.9	-0.3833	9.1303	0.09007	L
2	75	-0.3833	9.149	0.09005	L
2	75.1	-0.3833	9.1676	0.09004	L
2	75.2	-0.3833	9.1862	0.09003	L
2	75.3	-0.3833	9.2048	0.09001	L
2	75.4	-0.3833	9.2233	0.09	L
2	75.5	-0.3833	9.2418	0.08999	L
2	75.6	-0.3833	9.2602	0.08997	L
2	75.7	-0.3833	9.2786	0.08996	L
2	75.8	-0.3833	9.297	0.08995	L
2	75.9	-0.3833	9.3154	0.08993	L
2	76	-0.3833	9.3337	0.08992	L
2	76.1	-0.3833	9.352	0.08991	L
2	76.2	-0.3833	9.3703	0.08989	L
2	76.3	-0.3833	9.3886	0.08988	L
2	76.4	-0.3833	9.4069	0.08987	L
2	76.5	-0.3833	9.4252	0.08985	L
2	76.6	-0.3833	9.4435	0.08984	L
2	76.7	-0.3833	9.4617	0.08983	L
2	76.8	-0.3833	9.48	0.08981	L
2	76.9	-0.3833	9.4983	0.0898	L
2	77	-0.3833	9.5166	0.08979	L
2	77.1	-0.3833	9.535	0.08977	L
2	77.2	-0.3833	9.5533	0.08976	L
2	77.3	-0.3833	9.5717	0.08975	L
2	77.4	-0.3833	9.5901	0.08973	L
2	77.5	-0.3833	9.6086	0.08972	L
2	77.6	-0.3833	9.6271	0.08971	L
2	77.7	-0.3833	9.6456	0.08969	L
2	77.8	-0.3833	9.6642	0.08968	L
2	77.9	-0.3833	9.6828	0.08966	L
2	78	-0.3833	9.7015	0.08965	L
2	78.1	-0.3833	9.7202	0.08964	L
2	78.2	-0.3833	9.739	0.08963	L
2	78.3	-0.3833	9.7578	0.08961	L
2	78.4	-0.3833	9.7767	0.0896	L
2	78.5	-0.3833	9.7957	0.08959	L
2	78.6	-0.3833	9.8147	0.08957	L
2	78.7	-0.3833	9.8338	0.08956	L
2	78.8	-0.3833	9.853	0.08955	L
2	78.9	-0.3833	9.8722	0.08953	L
2	79	-0.3833	9.8915	0.08952	L
2	79.1	-0.3833	9.9109	0.08951	L
2	79.2	-0.3833	9.9303	0.0895	L
2	79.3	-0.3833	9.9499	0.08948	L
2	79.4	-0.3833	9.9695	0.08947	L
2	79.5	-0.3833	9.9892	0.08946	L
2	79.6	-0.3833	10.009	0.08945	L
2	79.7	-0.3833	10.0289	0.08943	L
2	79.8	-0.3833	10.0489	0.08942	L
2	79.9	-0.3833	10.069	0.08941	L
2	80	-0.3833	10.0891	0.0894	L
2	80.1	-0.3833	10.1094	0.08939	L
2	80.2	-0.3833	10.1298	0.08937	L
2	80.3	-0.3833	10.1503	0.08936	L
2	80.4	-0.3833	10.1709	0.08935	L
2	80.5	-0.3833	10.1916	0.08934	L
2	80.6	-0.3833	10.2123	0.08933	L
2	80.7	-0.3833	10.2332	0.08932	L
2	80.8	-0.3833	10.2542	0.0893	L
2	80.9	-0.3833	10.2753	0.08929	L
2	81	-0.3833	10.2965	0.08928	L
2	81.1	-0.3833	10.3178	0.08927	L
2	81.2	-0.3833	10.3393	0.08926	L
2	81.3	-0.3833	10.3608	0.08925	L
2	81.4	-0.3833	10.3824	0.08924	L
2	81.5	-0.3833	10.4041	0.08923	L
2	81.6	-0.3833	10.4258	0.08922	L
2	81.7	-0.3833	10.4477	0.08921	L
2	81.8	-0.3833	10.4697	0.0892	L
2	81.9	-0.3833	10.4918	0.08919	L
2	82	-0.3833	10.514	0.08918	L
2	82.1	-0.3833	10.5363	0.08917	L
2	82.2	-0.3833	10.5586	0.08916	L
2	82.3	-0.3833	10.5811	0.08915	L
2	82.4	-0.3833	10.6037	0.08915	L
2	82.5	-0.3833	10.6263	0.08914	L
2	82.6	-0.3833	10.6491	0.08913	L
2	82.7	-0.3833	10.6719	0.08912	L
2	82.8	-0.3833	10.6948	0.08911	L
2	82.9	-0.3833	10.7178	0.0891	L
2	83	-0.3833	10.741	0.0891	L
2	83.1	-0.3833	10.7641	0.08909	L
2	83.2	-0.3833	10.7874	0.08908	L
2	83.3	-0.3833	10.8108	0.08907	L
2	83.4	-0.3833	10.8343	0.08907	L
2	83.5	-0.3833	10.8578	0.08906	L
2	83.6	-0.3833	10.8814	0.08905	L
2	83.7	-0.3833	10.9051	0.08905	L
2	83.8	-0.3833	10.9289	0.08904	L
2	83.9	-0.3833	10.9527	0.08903	L
2	84	-0.3833	10.9767	0.08903	L
2	84.1	-0.3833	11.0007	0.08902	L
2	84.2	-0.3833	11.0248	0.08902	L
2	84.3	-0.3833	11.0489	0.08901	L
2	84.4	-0.3833	11.0731	0.08901	L
2	84.5	-0.3833	11.0974	0.089	L
2	84.6	-0.3833	11.1218	0.089	L
2	84.7	-0.3833	11.1462	0.08899	L
2	84.8	-0.3833	11.1707	0.08899	L
2	84.9	-0.3833	11.1952	0.08899	L
2	85	-0.3833	11.2198	0.08898	L
2	85.1	-0.3833	11.2444	0.08898	L
2	85.2	-0.3833	11.2691	0.08897	L
2	85.3	-0.3833	11.2939	0.08897	L
2	85.4	-0.3833	11.3187	0.08897	L
2	85.5	-0.3833	11.3435	0.08897	L
2	85.6	-0.3833	11.3684	0.08896	L
2	85.7	-0.3833	11.3934	0.08896	L
2	85.8	-0.3833	11.4183	0.08896	L
2	85.9	-0.3833	11.4434	0.08896	L
2	86	-0.3833	11.4684	0.08895	L
2	86.1	-0.3833	11.4935	0.08895	L
2	86.2	-0.3833	11.5186	0.08895	L
2	86.3	-0.3833	11.5437	0.08895	L
2	86.4	-0.3833	11.5689	0.08895	L
2	86.5	-0.3833	11.594	0.08895	L
2	86.6	-0.3833	11.6192	0.08895	L
2	86.7	-0.3833	11.6444	0.08895	L
2	86.8	-0.3833	11.6696	0.08895	L
2	86.9	-0.3833	11.6948	0.08895	L
2	87	-0.3833	11.7201	0.08895	L
2	87.1	-0.3833	11.7453	0.08895	L
2	87.2	-0.3833	11.7705	0.08895	L
2	87.3	-0.3833	11.7957	0.08895	L
2	87.4	-0.3833	11.8209	0.08895	L
2	87.5	-0.3833	11.8461	0.08895	L
2	87.6	-0.3833	11.8713	0.08896	L
2	87.7	-0.3833	11.8965	0.08896	L
2	87.8	-0.3833	11.9217	0.08896	L
2	87.9	-0.3833	11.9468	0.08896	L
2	88	-0.3833	11.972	0.08896	L
2	88.1	-0.3833	11.9971	0.08897	L
2	88.2	-0.3833	12.0223	0.08897	L
2	88.3	-0.3833	12.0474	0.08897	L
2	88.4	-0.3833	12.0725	0.08898	L
2	88.5	-0.3833	12.0976	0.08898	L
2	88.6	-0.3833	12.1227	0.08898	L
2	88.7	-0.3833	12.1478	0.08899	L
2	88.8	-0.3833	12.1728	0.08899	L
2	88.9	-0.3833	12.1978	0.089	L
2	89	-0.3833	12.2229	0.089	L
2	89.1	-0.3833	12.2479	0.08901	L
2	89.2	-0.3833	12.2729	0.08901	L
2	89.3	-0.3833	12.2978	0.08902	L
2	89.4	-0.3833	12.3228	0.08902	L
2	89.5	-0.3833	12.3477	0.08903	L
2	89.6	-0.3833	12.3727	0.08903	L
2	89.7	-0.3833	12.3976	0.08904	L
2	89.8	-0.3833	12.4225	0.08904	L
2	89.9	-0.3833	12.4474	0.08905	L
2	90	-0.3833	12.4723	0.08906	L
2	90.1	-0.3833	12.4971	0.08906	L
2	90.2	-0.3833	12.522	0.08907	L
2	90.3	-0.3833	12.5468	0.08908	L
2	90.4	-0.3833	12.5717	0.08909	L
2	90.5	-0.3833	12.5965	0.08909	L
2	90.6	-0.3833	12.6213	0.0891	L
2	90.7	-0.3833	12.6461	0.08911	L
2	90.8	-0.3833	12.6709	0.08912	L
2	90.9	-0.3833	12.6957	0.08912	L
2	91	-0.3833	12.7205	0.08913	L
2	91.1	-0.3833	12.7453	0.08914	L
2	91.2	-0.3833	12.77	0.08915	L
2	91.3	-0.3833	12.7948	0.08916	L
2	91.4	-0.3833	12.8196	0.08917	L
2	91.5	-0.3833	12.8443	0.08918	L
2	91.6	-0.3833	12.8691	0.08919	L
2	91.7	-0.3833	12.8939	0.0892	L
2	91.8	-0.3833	12.9186	0.08921	L
2	91.9	-0.3833	12.9434	0.08922	L
2	92	-0.3833	12.9681	0.08923	L
2	92.1	-0.3833	12.9929	0.08924	L
2	92.2	-0.3833	13.0177	0.08925	L
2	92.3	-0.3833	13.0424	0.08926	L
2	92.4	-0.3833	13.0672	0.08927	L
2	92.5	-0.3833	13.092	0.08928	L
2	92.6	-0.3833	13.1167	0.0893	L
2	92.7	-0.3833	13.1415	0.08931	L
2	92.8	-0.3833	13.1663	0.08932	L
2	92.9	-0.3833	13.1911	0.08933	L
2	93	-0.3833	13.2158	0.08934	L
2	93.1	-0.3833	13.2406	0.08936	L
2	93.2	-0.3833	13.2654	0.08937	L
2	93.3	-0.3833	13.2902	0.08938	L
2	93.4	-0.3833	13.3151	0.0894	L
2	93.5	-0.3833	13.3399	0.08941	L
2	93.6	-0.3833	13.3647	0.08942	L
2	93.7	-0.3833	13.3896	0.08944	L
2	93.8	-0.3833	13.4145	0.08945	L
2	93.9	-0.3833	13.4394	0.08947	L
2	94	-0.3833	13.4643	0.08948	L
2	94.1	-0.3833	13.4892	0.08949	L
2	94.2	-0.3833	13.5142	0.08951	L
2	94.3	-0.3833	13.5391	0.08952	L
2	94.4	-0.3833	13.5641	0.08954	L
2	94.5	-0.3833	13.5892	0.08955	L
2	94.6	-0.3833	13.6142	0.08957	L
2	94.7	-0.3833	13.6393	0.08959	L
2	94.8	-0.3833	13.6644	0.0896	L
2	94.9	-0.3833	13.6895	0.08962	L
2	95	-0.3833	13.7146	0.08963	L
2	95.1	-0.3833	13.7398	0.08965	L
2	95.2	-0.3833	13.765	0.08967	L
2	95.3	-0.3833	13.7902	0.08968	L
2	95.4	-0.3833	13.8155	0.0897	L
2	95.5	-0.3833	13.8408	0.08972	L
2	95.6	-0.3833	13.8661	0.08974	L
2	95.7	-0.3833	13.8914	0.08975	L
2	95.8	-0.3833	13.9168	0.08977	L
2	95.9	-0.3833	13.9422	0.08979	L
2	96	-0.3833	13.9676	0.08981	L
2	96.1	-0.3833	13.9931	0.08983	L
2	96.2	-0.3833	14.0186	0.08984	L
2	96.3	-0.3833	14.0441	0.08986	L
2	96.4	-0.3833	14.0697	0.08988	L
2	96.5	-0.3833	14.0953	0.0899	L
2	96.6	-0.3833	14.1209	0.08992	L
2	96.7	-0.3833	14.1466	0.08994	L
2	96.8	-0.3833	14.1724	0.08996	L
2	96.9	-0.3833	14.1981	0.08998	L
2	97	-0.3833	14.2239	0.09	L
2	97.1	-0.3833	14.2498	0.09002	L
2	97.2	-0.3833	14.2757	0.09004	L
2	97.3	-0.3833	14.3016	0.09006	L
2	97.4	-0.3833	14.3276	0.09008	L
2	97.5	-0.3833	14.3537	0.0901	L
2	97.6	-0.3833	14.3798	0.09012	L
2	97.7	-0.3833	14.4059	0.09015	L
2	97.8	-0.3833	14.4321	0.09017	L
2	97.9	-0.3833	14.4584	0.09019	L
2	98	-0.3833	14.4848	0.09021	L
2	98.1	-0.3833	14.5112	0.09023	L
2	98.2	-0.3833	14.5376	0.09026	L
2	98.3	-0.3833	14.5642	0.09028	L
2	98.4	-0.3833	14.5908	0.0903	L
2	98.5	-0.3833	14.6174	0.09033	L
2	98.6	-0.3833	14.6442	0.09035	L
2	98.7	-0.3833	14.671	0.09037	L
2	98.8	-0.3833	14.6979	0.0904	L
2	98.9	-0.3833	14.7248	0.09042	L
2	99	-0.3833	14.7519	0.09044	L
2	99.1	-0.3833	14.779	0.09047	L
2	99.2	-0.3833	14.8062	0.09049	L
2	99.3	-0.3833	14.8334	0.09052	L
2	99.4	-0.3833	14.8608	0.09054	L
2	99.5	-0.3833	14.8882	0.09057	L
2	99.6	-0.3833	14.9157	0.09059	L
2	99.7	-0.3833	14.9434	0.09062	L
2	99.8	-0.3833	14.9711	0.09064	L
2	99.9	-0.3833	14.9989	0.09067	L
2	100	-0.3833	15.0267	0.09069	L
2	100.1	-0.3833	15.0547	0.09072	L
2	100.2	-0.3833	15.0828	0.09075	L
2	100.3	-0.3833	15.1109	0.09077	L
2	100.4	-0.3833	15.1392	0.0908	L
2	100.5	-0.3833	15.1676	0.09083	L
2	100.6	-0.3833	15.196	0.09085	L
2	100.7	-0.3833	15.2246	0.09088	L
2	100.8	-0.3833	15.2532	0.09091	L
2	100.9	-0.3833	15.2819	0.09093	L
2	101	-0.3833	15.3108	0.09096	L
2	101.1	-0.3833	15.3397	0.09099	L
2	101.2	-0.3833	15.3687	0.09102	L
2	101.3	-0.3833	15.3979	0.09105	L
2	101.4	-0.3833	15.4271	0.09107	L
2	101.5	-0.3833	15.4564	0.0911	L
2	101.6	-0.3833	15.4858	0.09113	L
2	101.7	-0.3833	15.5154	0.09116	L
2	101.8	-0.3833	15.545	0.09119	L
2	101.9	-0.3833	15.5747	0.09122	L
2	102	-0.3833	15.6046	0.09125	L
2	102.1	-0.3833	15.6345	0.09128	L
2	102.2	-0.3833	15.6646	0.09131	L
2	102.3	-0.3833	15.6947	0.09133	L
2	102.4	-0.3833	15.725	0.09136	L
2	102.5	-0.3833	15.7553	0.09139	L
2	102.6	-0.3833	15.7858	0.09142	L
2	102.7	-0.3833	15.8164	0.09146	L
2	102.8	-0.3833	15.847	0.09149	L
2	102.9	-0.3833	15.8778	0.09152	L
2	103	-0.3833	15.9087	0.09155	L
2	103.1	-0.3833	15.9396	0.09158	L
2	103.2	-0.3833	15.9707	0.09161	L
2	103.3	-0.3833	16.0019	0.09164	L
2	103.4	-0.3833	16.0332	0.09167	L
2	103.5	-0.3833	16.0645	0.0917	L
2	103.6	-0.3833	16.096	0.09173	L
2	103.7	-0.3833	16.1276	0.09177	L
2	103.8	-0.3833	16.1593	0.0918	L
2	103.9	-0.3833	16.191	0.09183	L
2	104	-0.3833	16.2229	0.09186	L
2	104.1	-0.3833	16.2549	0.0919	L
2	104.2	-0.3833	16.287	0.09193	L
2	104.3	-0.3833	16.3191	0.09196	L
2	104.4	-0.3833	16.3514	0.09199	L
2	104.5	-0.3833	16.3837	0.09203	L
2	104.6	-0.3833	16.4162	0.09206	L
2	104.7	-0.3833	16.4488	0.09209	L
2	104.8	-0.3833	16.4814	0.09213	L
2	104.9	-0.3833	16.5142	0.09216	L
2	105	-0.3833	16.547	0.09219	L
2	105.1	-0.3833	16.58	0.09223	L
2	105.2	-0.3833	16.6131	0.09226	L
2	105.3	-0.3833	16.6462	0.09229	L
2	105.4	-0.3833	16.6795	0.09233	L
2	105.5	-0.3833	16.7129	0.09236	L
2	105.6	-0.3833	16.7464	0.0924	L
2	105.7	-0.3833	16.78	0.09243	L
2	105.8	-0.3833	16.8137	0.09247	L
2	105.9	-0.3833	16.8475	0.0925	L
2	106	-0.3833	16.8814	0.09254	L
2	106.1	-0.3833	16.9154	0.09257	L
2	106.2	-0.3833	16.9496	0.09261	L
2	106.3	-0.3833	16.9838	0.09264	L
2	106.4	-0.3833	17.0182	0.09268	L
2	106.5	-0.3833	17.0527	0.09271	L
2	106.6	-0.3833	17.0873	0.09275	L
2	106.7	-0.3833	17.122	0.09278	L
2	106.8	-0.3833	17.1569	0.09282	L
2	106.9	-0.3833	17.1918	0.09286	L
2	107	-0.3833	17.2269	0.09289	L
2	107.1	-0.3833	17.262	0.09293	L
2	107.2	-0.3833	17.2973	0.09296	L
2	107.3	-0.3833	17.3327	0.093	L
2	107.4	-0.3833	17.3683	0.09304	L
2	107.5	-0.3833	17.4039	0.09307	L
2	107.6	-0.3833	17.4397	0.09311	L
2	107.7	-0.3833	17.4755	0.09315	L
2	107.8	-0.3833	17.5115	0.09318	L
2	107.9	-0.3833	17.5476	0.09322	L
2	108	-0.3833	17.5839	0.09326	L
2	108.1	-0.3833	17.6202	0.09329	L
2	108.2	-0.3833	17.6567	0.09333	L
2	108.3	-0.3833	17.6932	0.09337	L
2	108.4	-0.3833	17.7299	0.09341	L
2	108.5	-0.3833	17.7668	0.09344	L
2	108.6	-0.3833	17.8037	0.09348	L
2	108.7	-0.3833	17.8407	0.09352	L
2	108.8	-0.3833	17.8779	0.09356	L
2	108.9	-0.3833	17.9152	0.09359	L
2	109	-0.3833	17.9526	0.09363	L
2	109.1	-0.3833	17.9901	0.09367	L
2	109.2	-0.3833	18.0277	0.09371	L
2	109.3	-0.3833	18.0654	0.09375	L
2	109.4	-0.3833	18.1033	0.09378	L
2	109.5	-0.3833	18.1412	0.09382	L
2	109.6	-0.3833	18.1792	0.09386	L
2	109.7	-0.3833	18.2174	0.0939	L
2	109.8	-0.3833	18.2556	0.09394	L
2	109.9	-0.3833	18.294	0.09397	L
2	110	-0.3833	18.3324	0.09401	L
